ans =

     0.00000     0.00000     0.00000
     1.00000     0.78540    45.00000
     2.00000     1.57080    90.00000
     3.00000     2.35619   135.00000
     4.00000     3.14159   180.00000
     5.00000     3.92699   225.00000
     6.00000     4.71239   270.00000
     7.00000     5.49779   315.00000

phi_rtl =

    0.00000    6.28319   12.56637   18.84956   25.13274   31.41593   37.69911   43.98230

